1	6910
2	6881
3	6956
4	6942
5	6960
6	6839
7	6890
8	6973
9	6998
10	7264
11	7151
12	7046
13	6961
14	6898
15	6919
16	6937
17	6921
18	6986
19	6817
20	6985
21	7022
22	7279
23	7014
24	6910
25	6829
26	6945
27	6904
28	6850
29	6887
30	6851
31	6784
32	6864
33	7020
34	7217
35	7111
36	7042
37	6976
38	6861
39	6792
40	6755
41	6781
42	6780
43	6844
44	6722
45	6840
46	7071
47	7163
48	6935
49	6843
50	6829
51	6800
52	6785
53	6732
54	6824
55	6772
56	6833
57	6961
58	7087
59	6984
60	6936
61	6868
62	6984
63	6871
64	6810
65	6959
66	6790
67	6766
68	6887
69	7097
70	7149
71	7138
72	6990
73	6932
74	6901
75	6895
76	6945
77	6934
78	6995
79	6942
80	6792
81	7152
82	7098
83	7164
84	7068
85	6934
86	6948
87	6972
88	6967
89	7060
90	6837
91	6913
92	6894
93	7117
94	7066
95	7035
96	7007
97	6932
98	6934
99	6828
100	6890
101	6812
102	6867
103	6806
104	7026
105	7148
106	7216
107	7105
108	6944
109	6913
110	6953
111	6843
112	6845
113	6773
114	6813
115	6831
116	6962
117	7166
118	7121
119	7039
120	6974
121	6925
122	6904
123	6894
124	6870
125	6924
126	7017
127	6964
128	6807
129	7044
130	7145
131	7151
132	6993
133	6949
134	6902
135	7030
136	6871
137	6881
138	6911
139	6772
140	6899
141	6953
142	7287
143	7183
144	7088
145	7000
146	6991
147	6986
148	6894
149	6943
150	6882
151	6914
152	6889
153	7097
154	7289
155	7091
156	6984
157	6974
158	6981
159	6872
160	6909
161	6915
162	6891
163	6936
164	6942
165	7037
166	7073
167	7123
168	7014
169	6950
170	6880
171	6924
172	6899
173	6915
174	6975
175	6959
176	7104
177	7106
178	7303
179	7222
180	7073
181	7050
182	7009
183	6961
184	6905
185	6966
186	6892
187	6877
188	6994
189	7061
190	7322
191	7206
192	7130
193	6987
194	6959
195	6990
196	6889
197	6943
198	6924
199	6756
200	6893
201	6973
202	7181
203	7136
204	7101
205	6977
206	6956
207	6926
208	6944
209	6957
210	6874
211	6923
212	6919
213	7188
214	7123
215	7151
216	6943
217	6959
218	6927
219	6835
220	6830
221	6827
222	6759
223	6947
224	6890
225	7175
226	7131
227	7111
228	6994
229	6891
230	6886
231	6935
232	6898
233	6979
234	6930
235	6859
236	7016
237	7157
238	7349
239	7108
240	7008
241	6832
242	6838
243	6927
244	6932
245	7021
246	6960
247	6889
248	6902
249	7039
250	7222
251	7113
252	6906
253	6852
254	6885
255	6884
256	6884
257	6999
258	6882
259	6862
260	6884
261	7184
262	7169
263	7108
264	7040
265	7006
266	6965
267	6890
268	6950
269	6945
270	7025
271	6951
272	6942
273	6996
274	7227
275	7191
276	7011
277	6945
278	6914
279	6890
280	6940
281	6918
282	6976
283	6917
284	6769
285	7112
286	7099
287	7022
288	6966
289	6908
290	6934
291	6964
292	6872
293	6887
294	6867
295	6841
296	6900
297	6928
298	7201
299	7102
300	7018
301	6960
302	6977
303	6895
304	6929
305	6973
306	6908
307	6805
308	7002
309	6985
310	7204
311	7140
312	6993
313	6871
314	6962
315	6997
316	6902
317	6875
318	7073
319	6851
320	6908
321	7105
322	7154
323	7101
324	7038
325	6914
326	6953
327	6953
328	6915
329	6965
330	6894
331	6911
332	7113
333	7132
334	7174
335	7145
336	7012
337	6968
338	6903
339	6845
340	6919
341	6906
342	6968
343	6846
344	6859
345	7057
346	7096
347	7105
348	7040
349	6998
350	6982
351	6981
352	6963
353	6938
354	6911
355	6818
356	6859
357	7020
358	7370
359	7120
360	7007
361	7047
362	6956
363	6953
364	6891
365	6997
366	6969
367	6972
368	7026
369	7055
370	7250
371	7157
372	7023
373	7029
374	6921
375	6900
376	6974
377	6944
378	6957
379	6893
380	6959
381	7019
382	7191
383	7136
384	6979
385	6940
386	6940
387	6920
388	6920
389	6880
390	6860
391	6870
392	7040
393	7170
394	7210
395	7100
396	7010
397	6910
398	6910
399	6920
400	6950
401	7020
402	7000
403	6910
404	6960
405	7070
406	7290
407	7090
408	6970
409	6940
410	6880
411	6930
412	6950
413	6920
414	6810
415	6850
416	6950
417	7100
418	7200
419	7110
420	7080
421	7040
422	6990
423	7000
424	6940
425	6910
426	7020
427	7000
428	6960
429	7150
430	7200
431	7080
432	7040
433	6965
434	6964
435	6896
436	6931
437	6974
438	6885
439	6832
440	6980
441	7167
442	7265
443	7095
444	7121
445	6992
446	7006
447	6879
448	7042
449	7046
450	6870
451	6945
452	6892
453	7166
454	7250
455	7192
456	6996
457	7016
458	7068
459	6977
460	6983
461	6965
462	6986
463	7028
464	7067
465	7117
466	7106
467	7055
468	7034
469	6980
470	6890
471	6970
472	6880
473	6980
474	6980
475	6880
476	6880
477	7220
478	7220
479	7190
480	7090
481	6970
482	7060
483	7080
484	7000
485	6900
486	6920
487	7080
488	7310
489	7270
490	7170
491	7090
492	7080
493	7050
494	6980
495	7040
496	6900
497	7030
498	6910
499	7150
500	7270
501	7210
502	7120
503	7120
504	7100
505	6990
506	7020
507	6980
508	6980
509	7070
510	7140
511	7280
512	7260
513	7180
514	7070
515	6910
516	6950
517	6900
518	6940
519	7030
520	6970
521	6970
522	7030
523	7170
524	7190
525	7180
526	7120
527	6990
528	7000
529	7000
530	6940
531	7000
532	6950
533	6880
534	7030
535	7180
536	7250
537	7190
538	7080
539	6930
540	6880
541	6990
542	6930
543	6980
544	7030
545	6920
546	7010
547	7040
548	7240
549	7080
550	7020
551	7020
552	6960
553	6870
554	6910
555	6930
556	6890
557	6900
558	7180
559	7200
560	7130
561	7110
562	7070
563	6960
564	6940
565	7000
566	6930
567	6900
568	7090
569	7130
570	7180
571	7140
572	7160
573	7000
574	6870
575	7010
576	6950
577	6910
578	6850
579	6850
580	6920
581	7130
582	7220
583	7260
584	7080
585	7100
586	7050
587	6940
588	7030
589	7080
590	6960
591	6930
592	6990
593	7080
594	7190
595	7220
596	7120
597	7020
598	6940
599	6980
600	7070
601	7030
602	6980
603	6930
604	6960
605	7250
606	7280
607	7110
608	7040
609	6990
610	6930
611	6930
612	6990
613	6970
614	6960
615	6910
616	7000
617	6980
618	7360
619	7240
620	7060
621	7090
622	6960
623	7030
624	6890
625	6970
626	6960
627	6920
628	6960
629	7230
630	7300
631	7210
632	7170
633	7080
634	7090
635	7110
636	7090
637	7100
638	7090
639	7010
640	7100
641	7210
642	7310
643	7170
644	7170
645	7050
646	7030
647	6970
648	7080
649	7030
650	6990
651	6990
652	7050
653	7230
654	7310
655	7190
656	7060
657	7010
658	7060
659	7000
660	7040
661	6990
662	7010
663	6990
664	6920
665	7140
666	7320
667	7190
668	7000
669	7060
670	7000
671	7010
672	6950
673	6920
674	6870
675	6950
676	6990
677	7150
678	7250
679	7130
680	7150
681	7130
682	7070
683	7070
684	7020
685	7120
686	6930
687	6900
688	7070
689	7190
690	7300
691	7320
692	7250
693	7170
694	7150
695	7120
696	7040
697	7030
698	6950
699	7060
700	6980
701	7170
702	7440
703	7250
704	7150
705	7250
706	7280
707	7110
708	7040
709	6990
710	6930
711	6930
712	6990
713	6970
714	6960
715	6910
716	7000
717	6980
718	7360
719	7240
720	7060
721	7090
722	6960
723	7030
724	6890
725	6970
726	6960
727	6920
728	6960
729	7230
730	7300
731	7210
732	7170
733	7080
734	7090
735	7110
736	7090
737	7100
738	7090
739	7010
740	7100
741	7210
742	7310
743	7170
744	7170
745	7050
746	7030
747	6970
748	7080
749	7030
750	6990
751	6990
752	7050
753	7230
754	7310
755	7190
756	7060
757	7010
758	7060
759	7000
760	7040
761	6990
762	7010
763	6990
764	6920
765	7140
766	7320
767	7190
768	7000
769	7060
770	7000
771	7010
772	6950
773	6920
774	6870
775	6950
776	6990
777	7150
778	7250
779	7130
780	7150
781	7130
782	7070
783	7070
784	7020
785	7120
786	6930
787	6900
788	7070
789	7190
790	7300
791	7320
792	7250
793	7170
794	7150
795	7120
796	7040
797	7030
798	6950
799	7060
800	6980
801	7170
802	7440
803	7250
804	7150
